1230518767 1230518818
1230518848 1230521378
1230521414 1230521617
1230521619 1230578261
1230614831 1230615237
1230615239 1230615715
1230615717 1230616125
1230681938 1230686654
1230693143 1230695102
1230701314 1230710390
1230763454 1230763745
1230777358 1230784678
1230954082 1230954753
1230966987 1230967642
1231114839 1231118161
1231134596 1231143936
1231189452 1231192917
1231192920 1231196572
1231206439 1231206713
1231208818 1231209409
1231209412 1231209435
1231211560 1231224532
1231232620 1231233556
1231283675 1231284390
1231284392 1231285118
1231289660 1231290568
1231290580 1231290718
1231290730 1231290938
1231293741 1231297431
1231303157 1231304315
1231308374 1231311960
1231319192 1231319840
1231350974 1231351786
1231356406 1231365819
1231369323 1231370169
1231372587 1231373168
