% Finesse 2.1 (2.1-31-g2aa13d1), 12.09.2016
% 2D plot, y1axis: Re , y2axis: Im 
% f [Hz] (darm), NSR_with_RP Re , NSR_with_RP Im , nSRMHRaTEM00 Re , nSRMHRaTEM00 Im , nSRMHRaTEM01 Re , nSRMHRaTEM01 Im , nSRMHRaTEM02 Re , nSRMHRaTEM02 Im , SRCoutx Re , SRCoutx Im , SRCouty Re , SRCouty Im , SRMYqx Re , SRMYqx Im , SRMYqy Re , SRMYqy Im , ITMXqx Re , ITMXqx Im , ITMXqy Re , ITMXqy Im , ITMYqx Re , ITMYqx Im , ITMYqy Re , ITMYqy Im , OMCqx Re , OMCqx Im , OMCqy Re , OMCqy Im , OFIqx Re , OFIqx Im , OFIqy Re , OFIqy Im , Laver Re , Laver Im , Lmx Re , Lmx Im , Lmy Re , Lmy Im 

 5.00000000000000  2.38036231271882e-22  0.00000000000000  0.547711302865272 -0.0169752580662138  0.00000000000000  0.00000000000000 -0.0191381105019364 -0.0493720326797476 -2.93282059887603  0.672886845960799 -3.00325119320306  0.460636864558894  4.84647285319180  1.35926708850972  5.04890145562793  0.950124323940988 -1834.21988188976  427.806821421892 -1834.21988188976  427.806821421892 -1834.21988188976  427.806821421892 -1834.21988188976  427.806821421892  0.140764742971947  0.707540463523089  0.140764734124352  0.710069128452061 -2.93282059887603  0.672886845960799 -3.00325119320306  0.460636864558894  5.34250000000000  0.00000000000000  4.99294066409517  0.00000000000000  5.01257380202819  0.00000000000000 
 5.74076810748417  1.78800992355576e-22  0.00000000000000  0.547711302865272 -0.0169752580662138  0.00000000000000  0.00000000000000 -0.0191381105019364 -0.0493720326797476 -2.93282059887603  0.672886845960799 -3.00325119320306  0.460636864558894  4.84647285319180  1.35926708850972  5.04890145562793  0.950124323940988 -1834.21988188976  427.806821421892 -1834.21988188976  427.806821421892 -1834.21988188976  427.806821421892 -1834.21988188976  427.806821421892  0.140764742971947  0.707540463523089  0.140764734124352  0.710069128452061 -2.93282059887603  0.672886845960799 -3.00325119320306  0.460636864558894  5.34250000000000  0.00000000000000  4.99294066409517  0.00000000000000  5.01257380202819  0.00000000000000 
 6.59128369278147  1.34644649468652e-22  0.00000000000000  0.547711302865272 -0.0169752580662138  0.00000000000000  0.00000000000000 -0.0191381105019364 -0.0493720326797476 -2.93282059887603  0.672886845960799 -3.00325119320306  0.460636864558894  4.84647285319180  1.35926708850972  5.04890145562793  0.950124323940988 -1834.21988188976  427.806821421892 -1834.21988188976  427.806821421892 -1834.21988188976  427.806821421892 -1834.21988188976  427.806821421892  0.140764742971947  0.707540463523089  0.140764734124352  0.710069128452061 -2.93282059887603  0.672886845960799 -3.00325119320306  0.460636864558894  5.34250000000000  0.00000000000000  4.99294066409517  0.00000000000000  5.01257380202819  0.00000000000000 
 7.56780624218007  1.01591382984213e-22  0.00000000000000  0.547711302865272 -0.0169752580662138  0.00000000000000  0.00000000000000 -0.0191381105019364 -0.0493720326797476 -2.93282059887603  0.672886845960799 -3.00325119320306  0.460636864558894  4.84647285319180  1.35926708850972  5.04890145562793  0.950124323940988 -1834.21988188976  427.806821421892 -1834.21988188976  427.806821421892 -1834.21988188976  427.806821421892 -1834.21988188976  427.806821421892  0.140764742971947  0.707540463523089  0.140764734124352  0.710069128452061 -2.93282059887603  0.672886845960799 -3.00325119320306  0.460636864558894  5.34250000000000  0.00000000000000  4.99294066409517  0.00000000000000  5.01257380202819  0.00000000000000 
 8.68900414374539  7.67693921612975e-23  0.00000000000000  0.547711302865272 -0.0169752580662138  0.00000000000000  0.00000000000000 -0.0191381105019364 -0.0493720326797476 -2.93282059887603  0.672886845960799 -3.00325119320306  0.460636864558894  4.84647285319180  1.35926708850972  5.04890145562793  0.950124323940988 -1834.21988188976  427.806821421892 -1834.21988188976  427.806821421892 -1834.21988188976  427.806821421892 -1834.21988188976  427.806821421892  0.140764742971947  0.707540463523089  0.140764734124352  0.710069128452061 -2.93282059887603  0.672886845960799 -3.00325119320306  0.460636864558894  5.34250000000000  0.00000000000000  4.99294066409517  0.00000000000000  5.01257380202819  0.00000000000000 
 9.97631157484227  5.80829285037498e-23  0.00000000000000  0.547711302865272 -0.0169752580662138  0.00000000000000  0.00000000000000 -0.0191381105019364 -0.0493720326797476 -2.93282059887603  0.672886845960799 -3.00325119320306  0.460636864558894  4.84647285319180  1.35926708850972  5.04890145562793  0.950124323940988 -1834.21988188976  427.806821421892 -1834.21988188976  427.806821421892 -1834.21988188976  427.806821421892 -1834.21988188976  427.806821421892  0.140764742971947  0.707540463523089  0.140764734124352  0.710069128452061 -2.93282059887603  0.672886845960799 -3.00325119320306  0.460636864558894  5.34250000000000  0.00000000000000  4.99294066409517  0.00000000000000  5.01257380202819  0.00000000000000 
 11.4543382638359  4.39897993172397e-23  0.00000000000000  0.547711302865272 -0.0169752580662138  0.00000000000000  0.00000000000000 -0.0191381105019364 -0.0493720326797476 -2.93282059887603  0.672886845960799 -3.00325119320306  0.460636864558894  4.84647285319180  1.35926708850972  5.04890145562793  0.950124323940988 -1834.21988188976  427.806821421892 -1834.21988188976  427.806821421892 -1834.21988188976  427.806821421892 -1834.21988188976  427.806821421892  0.140764742971947  0.707540463523089  0.140764734124352  0.710069128452061 -2.93282059887603  0.672886845960799 -3.00325119320306  0.460636864558894  5.34250000000000  0.00000000000000  4.99294066409517  0.00000000000000  5.01257380202819  0.00000000000000 
 13.1513399594730  3.33471556951339e-23  0.00000000000000  0.547711302865272 -0.0169752580662138  0.00000000000000  0.00000000000000 -0.0191381105019364 -0.0493720326797476 -2.93282059887603  0.672886845960799 -3.00325119320306  0.460636864558894  4.84647285319180  1.35926708850972  5.04890145562793  0.950124323940988 -1834.21988188976  427.806821421892 -1834.21988188976  427.806821421892 -1834.21988188976  427.806821421892 -1834.21988188976  427.806821421892  0.140764742971947  0.707540463523089  0.140764734124352  0.710069128452061 -2.93282059887603  0.672886845960799 -3.00325119320306  0.460636864558894  5.34250000000000  0.00000000000000  4.99294066409517  0.00000000000000  5.01257380202819  0.00000000000000 
 15.0997586020049  2.53033329490968e-23  0.00000000000000  0.547711302865272 -0.0169752580662138  0.00000000000000  0.00000000000000 -0.0191381105019364 -0.0493720326797476 -2.93282059887603  0.672886845960799 -3.00325119320306  0.460636864558894  4.84647285319180  1.35926708850972  5.04890145562793  0.950124323940988 -1834.21988188976  427.806821421892 -1834.21988188976  427.806821421892 -1834.21988188976  427.806821421892 -1834.21988188976  427.806821421892  0.140764742971947  0.707540463523089  0.140764734124352  0.710069128452061 -2.93282059887603  0.672886845960799 -3.00325119320306  0.460636864558894  5.34250000000000  0.00000000000000  4.99294066409517  0.00000000000000  5.01257380202819  0.00000000000000 
 17.3368425226199  1.92210019831578e-23  0.00000000000000  0.547711302865272 -0.0169752580662138  0.00000000000000  0.00000000000000 -0.0191381105019364 -0.0493720326797476 -2.93282059887603  0.672886845960799 -3.00325119320306  0.460636864558894  4.84647285319180  1.35926708850972  5.04890145562793  0.950124323940988 -1834.21988188976  427.806821421892 -1834.21988188976  427.806821421892 -1834.21988188976  427.806821421892 -1834.21988188976  427.806821421892  0.140764742971947  0.707540463523089  0.140764734124352  0.710069128452061 -2.93282059887603  0.672886845960799 -3.00325119320306  0.460636864558894  5.34250000000000  0.00000000000000  4.99294066409517  0.00000000000000  5.01257380202819  0.00000000000000 
 19.9053585276664  1.46218092200454e-23  0.00000000000000  0.547711302865272 -0.0169752580662138  0.00000000000000  0.00000000000000 -0.0191381105019364 -0.0493720326797476 -2.93282059887603  0.672886845960799 -3.00325119320306  0.460636864558894  4.84647285319180  1.35926708850972  5.04890145562793  0.950124323940988 -1834.21988188976  427.806821421892 -1834.21988188976  427.806821421892 -1834.21988188976  427.806821421892 -1834.21988188976  427.806821421892  0.140764742971947  0.707540463523089  0.140764734124352  0.710069128452061 -2.93282059887603  0.672886845960799 -3.00325119320306  0.460636864558894  5.34250000000000  0.00000000000000  4.99294066409517  0.00000000000000  5.01257380202819  0.00000000000000 
 22.8544094807330  1.11460016875598e-23  0.00000000000000  0.547711302865272 -0.0169752580662138  0.00000000000000  0.00000000000000 -0.0191381105019364 -0.0493720326797476 -2.93282059887603  0.672886845960799 -3.00325119320306  0.460636864558894  4.84647285319180  1.35926708850972  5.04890145562793  0.950124323940988 -1834.21988188976  427.806821421892 -1834.21988188976  427.806821421892 -1834.21988188976  427.806821421892 -1834.21988188976  427.806821421892  0.140764742971947  0.707540463523089  0.140764734124352  0.710069128452061 -2.93282059887603  0.672886845960799 -3.00325119320306  0.460636864558894  5.34250000000000  0.00000000000000  4.99294066409517  0.00000000000000  5.01257380202819  0.00000000000000 
 26.2403730124752  8.52266533267562e-24  0.00000000000000  0.547711302865272 -0.0169752580662138  0.00000000000000  0.00000000000000 -0.0191381105019364 -0.0493720326797476 -2.93282059887603  0.672886845960799 -3.00325119320306  0.460636864558894  4.84647285319180  1.35926708850972  5.04890145562793  0.950124323940988 -1834.21988188976  427.806821421892 -1834.21988188976  427.806821421892 -1834.21988188976  427.806821421892 -1834.21988188976  427.806821421892  0.140764742971947  0.707540463523089  0.140764734124352  0.710069128452061 -2.93282059887603  0.672886845960799 -3.00325119320306  0.460636864558894  5.34250000000000  0.00000000000000  4.99294066409517  0.00000000000000  5.01257380202819  0.00000000000000 
 30.1279793037012  6.54754342278699e-24  0.00000000000000  0.547711302865272 -0.0169752580662138  0.00000000000000  0.00000000000000 -0.0191381105019364 -0.0493720326797476 -2.93282059887603  0.672886845960799 -3.00325119320306  0.460636864558894  4.84647285319180  1.35926708850972  5.04890145562793  0.950124323940988 -1834.21988188976  427.806821421892 -1834.21988188976  427.806821421892 -1834.21988188976  427.806821421892 -1834.21988188976  427.806821421892  0.140764742971947  0.707540463523089  0.140764734124352  0.710069128452061 -2.93282059887603  0.672886845960799 -3.00325119320306  0.460636864558894  5.34250000000000  0.00000000000000  4.99294066409517  0.00000000000000  5.01257380202819  0.00000000000000 
 34.5915485459261  5.06624584166641e-24  0.00000000000000  0.547711302865272 -0.0169752580662138  0.00000000000000  0.00000000000000 -0.0191381105019364 -0.0493720326797476 -2.93282059887603  0.672886845960799 -3.00325119320306  0.460636864558894  4.84647285319180  1.35926708850972  5.04890145562793  0.950124323940988 -1834.21988188976  427.806821421892 -1834.21988188976  427.806821421892 -1834.21988188976  427.806821421892 -1834.21988188976  427.806821421892  0.140764742971947  0.707540463523089  0.140764734124352  0.710069128452061 -2.93282059887603  0.672886845960799 -3.00325119320306  0.460636864558894  5.34250000000000  0.00000000000000  4.99294066409517  0.00000000000000  5.01257380202819  0.00000000000000 
 39.7164117361886  3.96123964017670e-24  0.00000000000000  0.547711302865272 -0.0169752580662138  0.00000000000000  0.00000000000000 -0.0191381105019364 -0.0493720326797476 -2.93282059887603  0.672886845960799 -3.00325119320306  0.460636864558894  4.84647285319180  1.35926708850972  5.04890145562793  0.950124323940988 -1834.21988188976  427.806821421892 -1834.21988188976  427.806821421892 -1834.21988188976  427.806821421892 -1834.21988188976  427.806821421892  0.140764742971947  0.707540463523089  0.140764734124352  0.710069128452061 -2.93282059887603  0.672886845960799 -3.00325119320306  0.460636864558894  5.34250000000000  0.00000000000000  4.99294066409517  0.00000000000000  5.01257380202819  0.00000000000000 
 45.6005419677643  3.14159905983961e-24  0.00000000000000  0.547711302865272 -0.0169752580662138  0.00000000000000  0.00000000000000 -0.0191381105019364 -0.0493720326797476 -2.93282059887603  0.672886845960799 -3.00325119320306  0.460636864558894  4.84647285319180  1.35926708850972  5.04890145562793  0.950124323940988 -1834.21988188976  427.806821421892 -1834.21988188976  427.806821421892 -1834.21988188976  427.806821421892 -1834.21988188976  427.806821421892  0.140764742971947  0.707540463523089  0.140764734124352  0.710069128452061 -2.93282059887603  0.672886845960799 -3.00325119320306  0.460636864558894  5.34250000000000  0.00000000000000  4.99294066409517  0.00000000000000  5.01257380202819  0.00000000000000 
 52.3564274025069  2.53539048407548e-24  0.00000000000000  0.547711302865272 -0.0169752580662138  0.00000000000000  0.00000000000000 -0.0191381105019364 -0.0493720326797476 -2.93282059887603  0.672886845960799 -3.00325119320306  0.460636864558894  4.84647285319180  1.35926708850972  5.04890145562793  0.950124323940988 -1834.21988188976  427.806821421892 -1834.21988188976  427.806821421892 -1834.21988188976  427.806821421892 -1834.21988188976  427.806821421892  0.140764742971947  0.707540463523089  0.140764734124352  0.710069128452061 -2.93282059887603  0.672886845960799 -3.00325119320306  0.460636864558894  5.34250000000000  0.00000000000000  4.99294066409517  0.00000000000000  5.01257380202819  0.00000000000000 
 60.1132217308244  2.08549573749803e-24  0.00000000000000  0.547711302865272 -0.0169752580662138  0.00000000000000  0.00000000000000 -0.0191381105019364 -0.0493720326797476 -2.93282059887603  0.672886845960799 -3.00325119320306  0.460636864558894  4.84647285319180  1.35926708850972  5.04890145562793  0.950124323940988 -1834.21988188976  427.806821421892 -1834.21988188976  427.806821421892 -1834.21988188976  427.806821421892 -1834.21988188976  427.806821421892  0.140764742971947  0.707540463523089  0.140764734124352  0.710069128452061 -2.93282059887603  0.672886845960799 -3.00325119320306  0.460636864558894  5.34250000000000  0.00000000000000  4.99294066409517  0.00000000000000  5.01257380202819  0.00000000000000 
 69.0192132300882  1.74898762225853e-24  0.00000000000000  0.547711302865272 -0.0169752580662138  0.00000000000000  0.00000000000000 -0.0191381105019364 -0.0493720326797476 -2.93282059887603  0.672886845960799 -3.00325119320306  0.460636864558894  4.84647285319180  1.35926708850972  5.04890145562793  0.950124323940988 -1834.21988188976  427.806821421892 -1834.21988188976  427.806821421892 -1834.21988188976  427.806821421892 -1834.21988188976  427.806821421892  0.140764742971947  0.707540463523089  0.140764734124352  0.710069128452061 -2.93282059887603  0.672886845960799 -3.00325119320306  0.460636864558894  5.34250000000000  0.00000000000000  4.99294066409517  0.00000000000000  5.01257380202819  0.00000000000000 
 79.2446596229879  1.49719527088400e-24  0.00000000000000  0.547711302865272 -0.0169752580662138  0.00000000000000  0.00000000000000 -0.0191381105019364 -0.0493720326797476 -2.93282059887603  0.672886845960799 -3.00325119320306  0.460636864558894  4.84647285319180  1.35926708850972  5.04890145562793  0.950124323940988 -1834.21988188976  427.806821421892 -1834.21988188976  427.806821421892 -1834.21988188976  427.806821421892 -1834.21988188976  427.806821421892  0.140764742971947  0.707540463523089  0.140764734124352  0.710069128452061 -2.93282059887603  0.672886845960799 -3.00325119320306  0.460636864558894  5.34250000000000  0.00000000000000  4.99294066409517  0.00000000000000  5.01257380202819  0.00000000000000 
 90.9850429304175  1.31276144868582e-24  0.00000000000000  0.547711302865272 -0.0169752580662138  0.00000000000000  0.00000000000000 -0.0191381105019364 -0.0493720326797476 -2.93282059887603  0.672886845960799 -3.00325119320306  0.460636864558894  4.84647285319180  1.35926708850972  5.04890145562793  0.950124323940988 -1834.21988188976  427.806821421892 -1834.21988188976  427.806821421892 -1834.21988188976  427.806821421892 -1834.21988188976  427.806821421892  0.140764742971947  0.707540463523089  0.140764734124352  0.710069128452061 -2.93282059887603  0.672886845960799 -3.00325119320306  0.460636864558894  5.34250000000000  0.00000000000000  4.99294066409517  0.00000000000000  5.01257380202819  0.00000000000000 
 104.464806542604  1.18430745882601e-24  0.00000000000000  0.547711302865272 -0.0169752580662138  0.00000000000000  0.00000000000000 -0.0191381105019364 -0.0493720326797476 -2.93282059887603  0.672886845960799 -3.00325119320306  0.460636864558894  4.84647285319180  1.35926708850972  5.04890145562793  0.950124323940988 -1834.21988188976  427.806821421892 -1834.21988188976  427.806821421892 -1834.21988188976  427.806821421892 -1834.21988188976  427.806821421892  0.140764742971947  0.707540463523089  0.140764734124352  0.710069128452061 -2.93282059887603  0.672886845960799 -3.00325119320306  0.460636864558894  5.34250000000000  0.00000000000000  4.99294066409517  0.00000000000000  5.01257380202819  0.00000000000000 
 119.941645950857  1.10243191597932e-24  0.00000000000000  0.547711302865272 -0.0169752580662138  0.00000000000000  0.00000000000000 -0.0191381105019364 -0.0493720326797476 -2.93282059887603  0.672886845960799 -3.00325119320306  0.460636864558894  4.84647285319180  1.35926708850972  5.04890145562793  0.950124323940988 -1834.21988188976  427.806821421892 -1834.21988188976  427.806821421892 -1834.21988188976  427.806821421892 -1834.21988188976  427.806821421892  0.140764742971947  0.707540463523089  0.140764734124352  0.710069128452061 -2.93282059887603  0.672886845960799 -3.00325119320306  0.460636864558894  5.34250000000000  0.00000000000000  4.99294066409517  0.00000000000000  5.01257380202819  0.00000000000000 
 137.711435166767  1.05862045584859e-24  0.00000000000000  0.547711302865272 -0.0169752580662138  0.00000000000000  0.00000000000000 -0.0191381105019364 -0.0493720326797476 -2.93282059887603  0.672886845960799 -3.00325119320306  0.460636864558894  4.84647285319180  1.35926708850972  5.04890145562793  0.950124323940988 -1834.21988188976  427.806821421892 -1834.21988188976  427.806821421892 -1834.21988188976  427.806821421892 -1834.21988188976  427.806821421892  0.140764742971947  0.707540463523089  0.140764734124352  0.710069128452061 -2.93282059887603  0.672886845960799 -3.00325119320306  0.460636864558894  5.34250000000000  0.00000000000000  4.99294066409517  0.00000000000000  5.01257380202819  0.00000000000000 
 158.113883008250  1.04586295590588e-24  0.00000000000000  0.547711302865272 -0.0169752580662138  0.00000000000000  0.00000000000000 -0.0191381105019364 -0.0493720326797476 -2.93282059887603  0.672886845960799 -3.00325119320306  0.460636864558894  4.84647285319180  1.35926708850972  5.04890145562793  0.950124323940988 -1834.21988188976  427.806821421892 -1834.21988188976  427.806821421892 -1834.21988188976  427.806821421892 -1834.21988188976  427.806821421892  0.140764742971947  0.707540463523089  0.140764734124352  0.710069128452061 -2.93282059887603  0.672886845960799 -3.00325119320306  0.460636864558894  5.34250000000000  0.00000000000000  4.99294066409517  0.00000000000000  5.01257380202819  0.00000000000000 
 181.539027384849  1.05951024182652e-24  0.00000000000000  0.547711302865272 -0.0169752580662138  0.00000000000000  0.00000000000000 -0.0191381105019364 -0.0493720326797476 -2.93282059887603  0.672886845960799 -3.00325119320306  0.460636864558894  4.84647285319180  1.35926708850972  5.04890145562793  0.950124323940988 -1834.21988188976  427.806821421892 -1834.21988188976  427.806821421892 -1834.21988188976  427.806821421892 -1834.21988188976  427.806821421892  0.140764742971947  0.707540463523089  0.140764734124352  0.710069128452061 -2.93282059887603  0.672886845960799 -3.00325119320306  0.460636864558894  5.34250000000000  0.00000000000000  4.99294066409517  0.00000000000000  5.01257380202819  0.00000000000000 
 208.434691734927  1.09794386212901e-24  0.00000000000000  0.547711302865272 -0.0169752580662138  0.00000000000000  0.00000000000000 -0.0191381105019364 -0.0493720326797476 -2.93282059887603  0.672886845960799 -3.00325119320306  0.460636864558894  4.84647285319180  1.35926708850972  5.04890145562793  0.950124323940988 -1834.21988188976  427.806821421892 -1834.21988188976  427.806821421892 -1834.21988188976  427.806821421892 -1834.21988188976  427.806821421892  0.140764742971947  0.707540463523089  0.140764734124352  0.710069128452061 -2.93282059887603  0.672886845960799 -3.00325119320306  0.460636864558894  5.34250000000000  0.00000000000000  4.99294066409517  0.00000000000000  5.01257380202819  0.00000000000000 
 239.315046161033  1.16343269683528e-24  0.00000000000000  0.547711302865272 -0.0169752580662138  0.00000000000000  0.00000000000000 -0.0191381105019364 -0.0493720326797476 -2.93282059887603  0.672886845960799 -3.00325119320306  0.460636864558894  4.84647285319180  1.35926708850972  5.04890145562793  0.950124323940988 -1834.21988188976  427.806821421892 -1834.21988188976  427.806821421892 -1834.21988188976  427.806821421892 -1834.21988188976  427.806821421892  0.140764742971947  0.707540463523089  0.140764734124352  0.710069128452061 -2.93282059887603  0.672886845960799 -3.00325119320306  0.460636864558894  5.34250000000000  0.00000000000000  4.99294066409517  0.00000000000000  5.01257380202819  0.00000000000000 
 274.770436928472  1.26086851312813e-24  0.00000000000000  0.547711302865272 -0.0169752580662138  0.00000000000000  0.00000000000000 -0.0191381105019364 -0.0493720326797476 -2.93282059887603  0.672886845960799 -3.00325119320306  0.460636864558894  4.84647285319180  1.35926708850972  5.04890145562793  0.950124323940988 -1834.21988188976  427.806821421892 -1834.21988188976  427.806821421892 -1834.21988188976  427.806821421892 -1834.21988188976  427.806821421892  0.140764742971947  0.707540463523089  0.140764734124352  0.710069128452061 -2.93282059887603  0.672886845960799 -3.00325119320306  0.460636864558894  5.34250000000000  0.00000000000000  4.99294066409517  0.00000000000000  5.01257380202819  0.00000000000000 
 315.478672239692  1.33318847247317e-24  0.00000000000000  0.547711302865272 -0.0169752580662138  0.00000000000000  0.00000000000000 -0.0191381105019364 -0.0493720326797476 -2.93282059887603  0.672886845960799 -3.00325119320306  0.460636864558894  4.84647285319180  1.35926708850972  5.04890145562793  0.950124323940988 -1834.21988188976  427.806821421892 -1834.21988188976  427.806821421892 -1834.21988188976  427.806821421892 -1834.21988188976  427.806821421892  0.140764742971947  0.707540463523089  0.140764734124352  0.710069128452061 -2.93282059887603  0.672886845960799 -3.00325119320306  0.460636864558894  5.34250000000000  0.00000000000000  4.99294066409517  0.00000000000000  5.01257380202819  0.00000000000000 
 362.217980037015  1.24220500149255e-24  0.00000000000000  0.547711302865272 -0.0169752580662138  0.00000000000000  0.00000000000000 -0.0191381105019364 -0.0493720326797476 -2.93282059887603  0.672886845960799 -3.00325119320306  0.460636864558894  4.84647285319180  1.35926708850972  5.04890145562793  0.950124323940988 -1834.21988188976  427.806821421892 -1834.21988188976  427.806821421892 -1834.21988188976  427.806821421892 -1834.21988188976  427.806821421892  0.140764742971947  0.707540463523089  0.140764734124352  0.710069128452061 -2.93282059887603  0.672886845960799 -3.00325119320306  0.460636864558894  5.34250000000000  0.00000000000000  4.99294066409517  0.00000000000000  5.01257380202819  0.00000000000000 
 415.881885550767  1.33460361173354e-24  0.00000000000000  0.547711302865272 -0.0169752580662138  0.00000000000000  0.00000000000000 -0.0191381105019364 -0.0493720326797476 -2.93282059887603  0.672886845960799 -3.00325119320306  0.460636864558894  4.84647285319180  1.35926708850972  5.04890145562793  0.950124323940988 -1834.21988188976  427.806821421892 -1834.21988188976  427.806821421892 -1834.21988188976  427.806821421892 -1834.21988188976  427.806821421892  0.140764742971947  0.707540463523089  0.140764734124352  0.710069128452061 -2.93282059887603  0.672886845960799 -3.00325119320306  0.460636864558894  5.34250000000000  0.00000000000000  4.99294066409517  0.00000000000000  5.01257380202819  0.00000000000000 
 477.496293010045  1.49638596594092e-24  0.00000000000000  0.547711302865272 -0.0169752580662138  0.00000000000000  0.00000000000000 -0.0191381105019364 -0.0493720326797476 -2.93282059887603  0.672886845960799 -3.00325119320306  0.460636864558894  4.84647285319180  1.35926708850972  5.04890145562793  0.950124323940988 -1834.21988188976  427.806821421892 -1834.21988188976  427.806821421892 -1834.21988188976  427.806821421892 -1834.21988188976  427.806821421892  0.140764742971947  0.707540463523089  0.140764734124352  0.710069128452061 -2.93282059887603  0.672886845960799 -3.00325119320306  0.460636864558894  5.34250000000000  0.00000000000000  4.99294066409517  0.00000000000000  5.01257380202819  0.00000000000000 
 548.239098070796  1.68978621419438e-24  0.00000000000000  0.547711302865272 -0.0169752580662138  0.00000000000000  0.00000000000000 -0.0191381105019364 -0.0493720326797476 -2.93282059887603  0.672886845960799 -3.00325119320306  0.460636864558894  4.84647285319180  1.35926708850972  5.04890145562793  0.950124323940988 -1834.21988188976  427.806821421892 -1834.21988188976  427.806821421892 -1834.21988188976  427.806821421892 -1834.21988188976  427.806821421892  0.140764742971947  0.707540463523089  0.140764734124352  0.710069128452061 -2.93282059887603  0.672886845960799 -3.00325119320306  0.460636864558894  5.34250000000000  0.00000000000000  4.99294066409517  0.00000000000000  5.01257380202819  0.00000000000000 
 629.462705896142  1.94002689313873e-24  0.00000000000000  0.547711302865272 -0.0169752580662138  0.00000000000000  0.00000000000000 -0.0191381105019364 -0.0493720326797476 -2.93282059887603  0.672886845960799 -3.00325119320306  0.460636864558894  4.84647285319180  1.35926708850972  5.04890145562793  0.950124323940988 -1834.21988188976  427.806821421892 -1834.21988188976  427.806821421892 -1834.21988188976  427.806821421892 -1834.21988188976  427.806821421892  0.140764742971947  0.707540463523089  0.140764734124352  0.710069128452061 -2.93282059887603  0.672886845960799 -3.00325119320306  0.460636864558894  5.34250000000000  0.00000000000000  4.99294066409517  0.00000000000000  5.01257380202819  0.00000000000000 
 722.719885371852  2.07177262832418e-24  0.00000000000000  0.547711302865272 -0.0169752580662138  0.00000000000000  0.00000000000000 -0.0191381105019364 -0.0493720326797476 -2.93282059887603  0.672886845960799 -3.00325119320306  0.460636864558894  4.84647285319180  1.35926708850972  5.04890145562793  0.950124323940988 -1834.21988188976  427.806821421892 -1834.21988188976  427.806821421892 -1834.21988188976  427.806821421892 -1834.21988188976  427.806821421892  0.140764742971947  0.707540463523089  0.140764734124352  0.710069128452061 -2.93282059887603  0.672886845960799 -3.00325119320306  0.460636864558894  5.34250000000000  0.00000000000000  4.99294066409517  0.00000000000000  5.01257380202819  0.00000000000000 
 829.793453717469  2.29361312633322e-24  0.00000000000000  0.547711302865272 -0.0169752580662138  0.00000000000000  0.00000000000000 -0.0191381105019364 -0.0493720326797476 -2.93282059887603  0.672886845960799 -3.00325119320306  0.460636864558894  4.84647285319180  1.35926708850972  5.04890145562793  0.950124323940988 -1834.21988188976  427.806821421892 -1834.21988188976  427.806821421892 -1834.21988188976  427.806821421892 -1834.21988188976  427.806821421892  0.140764742971947  0.707540463523089  0.140764734124352  0.710069128452061 -2.93282059887603  0.672886845960799 -3.00325119320306  0.460636864558894  5.34250000000000  0.00000000000000  4.99294066409517  0.00000000000000  5.01257380202819  0.00000000000000 
 952.730358980076  2.62693652395729e-24  0.00000000000000  0.547711302865272 -0.0169752580662138  0.00000000000000  0.00000000000000 -0.0191381105019364 -0.0493720326797476 -2.93282059887603  0.672886845960799 -3.00325119320306  0.460636864558894  4.84647285319180  1.35926708850972  5.04890145562793  0.950124323940988 -1834.21988188976  427.806821421892 -1834.21988188976  427.806821421892 -1834.21988188976  427.806821421892 -1834.21988188976  427.806821421892  0.140764742971947  0.707540463523089  0.140764734124352  0.710069128452061 -2.93282059887603  0.672886845960799 -3.00325119320306  0.460636864558894  5.34250000000000  0.00000000000000  4.99294066409517  0.00000000000000  5.01257380202819  0.00000000000000 
 1093.88081197295  3.00095764251081e-24  0.00000000000000  0.547711302865272 -0.0169752580662138  0.00000000000000  0.00000000000000 -0.0191381105019364 -0.0493720326797476 -2.93282059887603  0.672886845960799 -3.00325119320306  0.460636864558894  4.84647285319180  1.35926708850972  5.04890145562793  0.950124323940988 -1834.21988188976  427.806821421892 -1834.21988188976  427.806821421892 -1834.21988188976  427.806821421892 -1834.21988188976  427.806821421892  0.140764742971947  0.707540463523089  0.140764734124352  0.710069128452061 -2.93282059887603  0.672886845960799 -3.00325119320306  0.460636864558894  5.34250000000000  0.00000000000000  4.99294066409517  0.00000000000000  5.01257380202819  0.00000000000000 
 1255.94321575264  3.40218779462010e-24  0.00000000000000  0.547711302865272 -0.0169752580662138  0.00000000000000  0.00000000000000 -0.0191381105019364 -0.0493720326797476 -2.93282059887603  0.672886845960799 -3.00325119320306  0.460636864558894  4.84647285319180  1.35926708850972  5.04890145562793  0.950124323940988 -1834.21988188976  427.806821421892 -1834.21988188976  427.806821421892 -1834.21988188976  427.806821421892 -1834.21988188976  427.806821421892  0.140764742971947  0.707540463523089  0.140764734124352  0.710069128452061 -2.93282059887603  0.672886845960799 -3.00325119320306  0.460636864558894  5.34250000000000  0.00000000000000  4.99294066409517  0.00000000000000  5.01257380202819  0.00000000000000 
 1442.01575156078  3.89202897699263e-24  0.00000000000000  0.547711302865272 -0.0169752580662138  0.00000000000000  0.00000000000000 -0.0191381105019364 -0.0493720326797476 -2.93282059887603  0.672886845960799 -3.00325119320306  0.460636864558894  4.84647285319180  1.35926708850972  5.04890145562793  0.950124323940988 -1834.21988188976  427.806821421892 -1834.21988188976  427.806821421892 -1834.21988188976  427.806821421892 -1834.21988188976  427.806821421892  0.140764742971947  0.707540463523089  0.140764734124352  0.710069128452061 -2.93282059887603  0.672886845960799 -3.00325119320306  0.460636864558894  5.34250000000000  0.00000000000000  4.99294066409517  0.00000000000000  5.01257380202819  0.00000000000000 
 1655.65560740998  4.44330784969814e-24  0.00000000000000  0.547711302865272 -0.0169752580662138  0.00000000000000  0.00000000000000 -0.0191381105019364 -0.0493720326797476 -2.93282059887603  0.672886845960799 -3.00325119320306  0.460636864558894  4.84647285319180  1.35926708850972  5.04890145562793  0.950124323940988 -1834.21988188976  427.806821421892 -1834.21988188976  427.806821421892 -1834.21988188976  427.806821421892 -1834.21988188976  427.806821421892  0.140764742971947  0.707540463523089  0.140764734124352  0.710069128452061 -2.93282059887603  0.672886845960799 -3.00325119320306  0.460636864558894  5.34250000000000  0.00000000000000  4.99294066409517  0.00000000000000  5.01257380202819  0.00000000000000 
 1900.94698159931  5.08476122675182e-24  0.00000000000000  0.547711302865272 -0.0169752580662138  0.00000000000000  0.00000000000000 -0.0191381105019364 -0.0493720326797476 -2.93282059887603  0.672886845960799 -3.00325119320306  0.460636864558894  4.84647285319180  1.35926708850972  5.04890145562793  0.950124323940988 -1834.21988188976  427.806821421892 -1834.21988188976  427.806821421892 -1834.21988188976  427.806821421892 -1834.21988188976  427.806821421892  0.140764742971947  0.707540463523089  0.140764734124352  0.710069128452061 -2.93282059887603  0.672886845960799 -3.00325119320306  0.460636864558894  5.34250000000000  0.00000000000000  4.99294066409517  0.00000000000000  5.01257380202819  0.00000000000000 
 2182.57916119673  5.82291766696823e-24  0.00000000000000  0.547711302865272 -0.0169752580662138  0.00000000000000  0.00000000000000 -0.0191381105019364 -0.0493720326797476 -2.93282059887603  0.672886845960799 -3.00325119320306  0.460636864558894  4.84647285319180  1.35926708850972  5.04890145562793  0.950124323940988 -1834.21988188976  427.806821421892 -1834.21988188976  427.806821421892 -1834.21988188976  427.806821421892 -1834.21988188976  427.806821421892  0.140764742971947  0.707540463523089  0.140764734124352  0.710069128452061 -2.93282059887603  0.672886845960799 -3.00325119320306  0.460636864558894  5.34250000000000  0.00000000000000  4.99294066409517  0.00000000000000  5.01257380202819  0.00000000000000 
 2505.93616813154  6.67199071632148e-24  0.00000000000000  0.547711302865272 -0.0169752580662138  0.00000000000000  0.00000000000000 -0.0191381105019364 -0.0493720326797476 -2.93282059887603  0.672886845960799 -3.00325119320306  0.460636864558894  4.84647285319180  1.35926708850972  5.04890145562793  0.950124323940988 -1834.21988188976  427.806821421892 -1834.21988188976  427.806821421892 -1834.21988188976  427.806821421892 -1834.21988188976  427.806821421892  0.140764742971947  0.707540463523089  0.140764734124352  0.710069128452061 -2.93282059887603  0.672886845960799 -3.00325119320306  0.460636864558894  5.34250000000000  0.00000000000000  4.99294066409517  0.00000000000000  5.01257380202819  0.00000000000000 
 2877.19968668013  7.64713996418132e-24  0.00000000000000  0.547711302865272 -0.0169752580662138  0.00000000000000  0.00000000000000 -0.0191381105019364 -0.0493720326797476 -2.93282059887603  0.672886845960799 -3.00325119320306  0.460636864558894  4.84647285319180  1.35926708850972  5.04890145562793  0.950124323940988 -1834.21988188976  427.806821421892 -1834.21988188976  427.806821421892 -1834.21988188976  427.806821421892 -1834.21988188976  427.806821421892  0.140764742971947  0.707540463523089  0.140764734124352  0.710069128452061 -2.93282059887603  0.672886845960799 -3.00325119320306  0.460636864558894  5.34250000000000  0.00000000000000  4.99294066409517  0.00000000000000  5.01257380202819  0.00000000000000 
 3303.46724003135  8.77920442475507e-24  0.00000000000000  0.547711302865272 -0.0169752580662138  0.00000000000000  0.00000000000000 -0.0191381105019364 -0.0493720326797476 -2.93282059887603  0.672886845960799 -3.00325119320306  0.460636864558894  4.84647285319180  1.35926708850972  5.04890145562793  0.950124323940988 -1834.21988188976  427.806821421892 -1834.21988188976  427.806821421892 -1834.21988188976  427.806821421892 -1834.21988188976  427.806821421892  0.140764742971947  0.707540463523089  0.140764734124352  0.710069128452061 -2.93282059887603  0.672886845960799 -3.00325119320306  0.460636864558894  5.34250000000000  0.00000000000000  4.99294066409517  0.00000000000000  5.01257380202819  0.00000000000000 
 3792.88787513814  1.00684637352207e-23  0.00000000000000  0.547711302865272 -0.0169752580662138  0.00000000000000  0.00000000000000 -0.0191381105019364 -0.0493720326797476 -2.93282059887603  0.672886845960799 -3.00325119320306  0.460636864558894  4.84647285319180  1.35926708850972  5.04890145562793  0.950124323940988 -1834.21988188976  427.806821421892 -1834.21988188976  427.806821421892 -1834.21988188976  427.806821421892 -1834.21988188976  427.806821421892  0.140764742971947  0.707540463523089  0.140764734124352  0.710069128452061 -2.93282059887603  0.672886845960799 -3.00325119320306  0.460636864558894  5.34250000000000  0.00000000000000  4.99294066409517  0.00000000000000  5.01257380202819  0.00000000000000 
 4354.81794977128  1.15539235405835e-23  0.00000000000000  0.547711302865272 -0.0169752580662138  0.00000000000000  0.00000000000000 -0.0191381105019364 -0.0493720326797476 -2.93282059887603  0.672886845960799 -3.00325119320306  0.460636864558894  4.84647285319180  1.35926708850972  5.04890145562793  0.950124323940988 -1834.21988188976  427.806821421892 -1834.21988188976  427.806821421892 -1834.21988188976  427.806821421892 -1834.21988188976  427.806821421892  0.140764742971947  0.707540463523089  0.140764734124352  0.710069128452061 -2.93282059887603  0.672886845960799 -3.00325119320306  0.460636864558894  5.34250000000000  0.00000000000000  4.99294066409517  0.00000000000000  5.01257380202819  0.00000000000000 
 5000.00000000000  1.32624989282340e-23  0.00000000000000  0.547711302865272 -0.0169752580662138  0.00000000000000  0.00000000000000 -0.0191381105019364 -0.0493720326797476 -2.93282059887603  0.672886845960799 -3.00325119320306  0.460636864558894  4.84647285319180  1.35926708850972  5.04890145562793  0.950124323940988 -1834.21988188976  427.806821421892 -1834.21988188976  427.806821421892 -1834.21988188976  427.806821421892 -1834.21988188976  427.806821421892  0.140764742971947  0.707540463523089  0.140764734124352  0.710069128452061 -2.93282059887603  0.672886845960799 -3.00325119320306  0.460636864558894  5.34250000000000  0.00000000000000  4.99294066409517  0.00000000000000  5.01257380202819  0.00000000000000 
