          10   -61.741989
   11.707799   -21.225611
   13.707256   -4.5905623
    16.04818   0.55200487
   18.788887    13.438194
   21.997652    15.628585
   25.754408    26.549149
   30.152744    24.157417
   35.302227    29.506329
   41.331139    31.460907
   48.389668       31.777
   56.653648    29.009409
   66.328957    27.366693
   77.656609    22.008894
     90.9188    14.093475
    106.4459    2.6967633
   124.62473   -10.483352
   145.90813   -29.366282
   170.82629   -54.569885
         200   -91.622353