          10    12.652895
   11.707799    5.0722351
   13.707256    4.8027906
    16.04818    3.1239755
   18.788887    2.9209123
   21.997652    2.2277026
   25.754408    1.9137348
   30.152744     1.476639
   35.302227    1.2210796
   41.331139    1.0226719
   48.389668   0.86737746
   56.653648   0.75969708
   66.328957   0.65143621
   77.656609   0.56503546
     90.9188   0.49628562
    106.4459   0.43244442
   124.62473   0.37728664
   145.90813   0.33134186
   170.82629   0.29388353
         200    0.2596097