           5    1.6571547 -0.044728249
   5.3152246    1.5143523  0.079366691
   5.6503229    1.3854595   0.17787986
   6.0065475    1.2679375   0.25382465
   6.3852301    1.1675633   0.31533733
   6.7877865    1.0733049   0.35835573
   7.2157221   0.99519259   0.38580662
   7.6706371   0.92468405   0.40295175
    8.154232   0.86570144   0.41023779
   8.6683149    0.8091985    0.4070513
   9.2148085   0.75561941   0.39825249
   9.7957563   0.71251339   0.38264176
   10.413329   0.66882879    0.3632386
   11.069837   0.63273412   0.34408304
   11.767735   0.59526509   0.32300481
   12.509631   0.56565464    0.2979494
     13.2983    0.5363394    0.2703144
   14.136691   0.51172143   0.23986715
   15.027938    0.4913606   0.20843266
   15.975373    0.4737505   0.16633435
    16.98254   0.46002802  0.077971824
   18.053204  0.061196212   0.60352951
   19.191368   0.39890775   0.21164875
   20.401287   0.39323762   0.14773594
   21.687485   0.38559699   0.09963391
   23.054771   0.38075975  0.045238744
   24.508259   0.39202672 -0.072258934
   26.053381 0.0046424307 -0.0047222697
   27.695915    0.3039937   0.19145525
   29.442003    0.3004775  0.072075151
   31.298172   0.28504527  0.023026519
   33.271366   0.27003309 -0.013843576
   35.368958   0.25202423 -0.043183882
   37.598789   0.23172289 -0.071399674
   39.969204   0.20867532 -0.096184991
   42.489063    0.1847176  -0.11781573
   45.167782   0.15558712  -0.13457419
   48.015385   0.12556225  -0.15267143
   51.042511  0.090843625  -0.16284564
   54.260487  0.053687755  -0.16738389
   57.681335  0.014488167  -0.16607045
   61.317852 -0.025172306  -0.15356764
   65.183632  -0.06025631  -0.13101889
   69.293137 -0.088138252 -0.096157469
    73.66172  -0.10039382 -0.054500934
   78.305717 -0.095499299 -0.011133551
     83.2425 -0.073234595  0.023081871
   88.490517 -0.047258943  0.034665011
   94.069397 -0.023334654  0.036297098
         100 -0.0066726515  0.026600614