           5    40.570263    -13.56675
   5.3909473   -7.5248799   -20.070675
   5.8124633    15.835273   -34.823414
   6.2669368    23.681923   -20.510843
   6.7569456    10.858051   -15.569892
   7.2852678   0.72393173   -8.7170229
   7.8548994    1.8636221   -8.0859432
   8.4690695    7.9698043   -6.7698388
   9.1312628    7.5004992    -4.547173
   9.8452311    7.0770278   -2.9735668
   10.615025    7.0387225   -1.2401198
   11.445008    6.2352514    -1.756796
   12.339889    5.2894311   -1.2212379
   13.304738    5.5219731  -0.87563545
   14.345029    4.2466197   0.32389638
    15.46666    3.6753972   0.25980863
   16.675991    3.3899891   0.50123125
   17.979877     3.093538   0.72362697
   19.385715    2.7143164    0.7323519
   20.901476    2.3908925   0.79868549
   22.535751    2.1219716   0.83163112
   24.297812    1.8275723   0.82567853
   26.197645     1.683807     0.869142
   28.246025    1.4939264   0.83059973
   30.454569    1.3490005   0.77897745
   32.835796    1.2121615   0.75113893
    35.40321    1.0966829   0.71912992
   38.171371   0.99105364   0.67046976
   41.155972   0.92361367   0.64311582
   44.373936   0.85606861   0.59255111
   47.843513    0.7763136   0.56185943
   51.584373   0.71019077   0.49928737
   55.617729    0.6830653   0.45979303
   59.966454   0.63634634   0.41980383
   64.655205   0.60813135    0.3755579
   69.710556   0.57740414   0.32824475
   75.161194   0.55542374   0.28171071
    81.03801   0.52642924   0.23459062
   87.374336   0.50443453   0.19399562
   94.206093   0.48259789   0.15161675
   101.57201   0.45276389   0.10617815
   109.51389   0.43911609  0.065508485
   118.07672    0.4183681   0.01966119
   127.30908   0.39567971 -0.026991434
   137.26332   0.37532955 -0.075288907
   147.99586   0.34902021  -0.13002448
    159.5676   0.30622244  -0.18896435
    172.0441   0.24481523  -0.24628904
   185.49615   0.16502289   -0.3080622
         200  0.019938553  -0.35854748