           5     11.82319   -1.5032845
   5.3909473    10.211663    2.3655133
   5.8124633    11.345081    2.8246276
   6.2669368    10.320844    2.6570516
   6.7569456    7.9922452    2.5713036
   7.2852678    6.1849008    2.5161729
   7.8548994     6.104248    2.6841552
   8.4690695    5.9184346    2.3428278
   9.1312628    5.5613246    1.5036074
   9.8452311    4.3938818    1.8108971
   10.615025    3.5856283    1.5502211
   11.445008    3.0526536    1.5125622
   12.339889    2.4818306    1.7447585
   13.304738    2.2612004    1.7862546
   14.345029    1.9896119    1.6517828
    15.46666    1.8123937    1.5680282
   16.675991      1.59747    1.4502045
   17.979877    1.4184927    1.3667502
   19.385715    1.2626932    1.2761405
   20.901476    1.1400681    1.1904048
   22.535751    1.0499715     1.118502
   24.297812   0.93743247    1.0305997
   26.197645   0.85857552   0.96564817
   28.246025   0.77781147   0.89372587
   30.454569   0.70865691   0.82106793
   32.835796    0.6613546   0.75165915
    35.40321    0.6141265   0.69032967
   38.171371   0.57399267     0.634498
   41.155972   0.53728789   0.57884938
   44.373936   0.50616789   0.52717102
   47.843513   0.47781065   0.47926393
   51.584373   0.45300645   0.43019208
   55.617729    0.4323003   0.38837767
   59.966454   0.41378167   0.34345418
   64.655205   0.39888132    0.3050684
   69.710556   0.38497403   0.26761171
   75.161194   0.37159169   0.22881016
    81.03801   0.35910711   0.19209488
   87.374336    0.3469727   0.15539525
   94.206093   0.33428687   0.11923366
   101.57201   0.32160884  0.082812436
   109.51389   0.30764604  0.047618546
   118.07672   0.29166684  0.011433939
   127.30908   0.27101129 -0.025429465
   137.26332   0.24735534 -0.061361194
   147.99586   0.21793842 -0.095155135
    159.5676   0.18062657  -0.12603135
    172.0441   0.13687482  -0.14998055
   185.49615  0.085588969  -0.16554944
         200   0.02499268  -0.17302266